ACTIVE_PART_STACK__BODY_BACKGROUND_COLOR=60.0, 0.0, 0.8980392
ACTIVE_PART_STACK__BORDER_COLOR=60.0, 0.0, 0.8980392, 0|60.0, 0.0, 0.8980392, 100
ACTIVE_PART_STACK__BORDER_SHOW=true
ACTIVE_PART_STACK__CHEVRON_COLOR=0.0, 0.0, 0.0
ACTIVE_PART_STACK__CLOSE_BUTTON_COLOR=0.0, 0.0, 1.0
ACTIVE_PART_STACK__CLOSE_BUTTON_HOVER_COLOR=0.0, 1.0, 0.0
ACTIVE_PART_STACK__HEADER_BACKGROUND_COLOR=60.0, 0.0, 0.8980392, 0|60.0, 0.0, 0.8980392, 100
ACTIVE_PART_STACK__HOVER_BORDER_COLOR=204.0, 0.050251253, 0.78039217, 99|60.0, 0.0, 0.49803922, 100
ACTIVE_PART_STACK__HOVER_FILL_COLOR=204.0, 0.050251253, 0.78039217, 100|60.0, 0.0, 0.49803922, 100
ACTIVE_PART_STACK__SELECTED_BORDER_COLOR=192.0, 0.020746887, 0.94509804, 0|192.0, 0.020746887, 0.94509804, 100
ACTIVE_PART_STACK__SELECTED_BORDER_SHOW=true
ACTIVE_PART_STACK__SELECTED_FILL_COLOR=270.11765, 1.0, 1.0, 0|201.17647, 1.0, 0.8, 0
ACTIVE_PART_STACK__SELECTED_TEXT_COLOR=0.0, 0.0, 1.0
ACTIVE_PART_STACK__UNSELECTED_BORDER_COLOR=240.0, 0.016528925, 0.9490196, 0|60.0, 0.0, 0.49803922, 100
ACTIVE_PART_STACK__UNSELECTED_FILL_COLOR=240.0, 0.016528925, 0.9490196, 100|60.0, 0.0, 0.49803922, 100
ACTIVE_PART_STACK__UNSELECTED_TEXT_COLOR=210.0, 0.45000002, 0.3137255
FORMS__FORM_HEADING_BACKGROUND=60.0, 0.0, 0.8980392, 100|192.0, 0.020746887, 0.94509804, 100
INACTIVE_PART_STACK__BODY_BACKGROUND_COLOR=192.0, 0.020746887, 0.94509804
INACTIVE_PART_STACK__BORDER_COLOR=192.0, 0.020746887, 0.94509804, 0|192.0, 0.020746887, 0.94509804, 100
INACTIVE_PART_STACK__CHEVRON_COLOR=0.0, 0.0, 0.0
INACTIVE_PART_STACK__CLOSE_BUTTON_ACTIVE_COLOR=0.0, 0.87765956, 0.86702126
INACTIVE_PART_STACK__CLOSE_BUTTON_COLOR=60.0, 0.0, 1.0
INACTIVE_PART_STACK__CLOSE_BUTTON_HOVER_COLOR=0.0, 1.0, 0.0
INACTIVE_PART_STACK__HEADER_BACKGROUND_COLOR=60.0, 0.0, 0.8980392, 0|60.0, 0.0, 0.8980392, 100
INACTIVE_PART_STACK__HOVER_BORDER_COLOR=204.0, 0.050251253, 0.78039217, 0|204.0, 0.050251253, 0.78039217, 100
INACTIVE_PART_STACK__HOVER_FILL_COLOR=204.0, 0.050251253, 0.78039217, 0|204.0, 0.050251253, 0.78039217, 100
INACTIVE_PART_STACK__SELECTED_BORDER_COLOR=60.0, 0.0, 0.49803922, 100|183.52942, 0.10240963, 0.6509804, 100
INACTIVE_PART_STACK__SELECTED_BORDER_SHOW=true
INACTIVE_PART_STACK__SELECTED_FILL_COLOR=60.0, 0.0, 0.49803922, 0|60.0, 0.0, 0.49803922, 99
INACTIVE_PART_STACK__SELECTED_TEXT_COLOR=210.0, 0.0, 1.0
INACTIVE_PART_STACK__UNSELECTED_BORDER_COLOR=240.0, 0.016528925, 0.9490196, 0|240.0, 0.016528925, 0.9490196, 100
INACTIVE_PART_STACK__UNSELECTED_FILL_COLOR=240.0, 0.016528925, 0.9490196, 100|60.0, 0.0, 0.49803922, 100
INACTIVE_PART_STACK__UNSELECTED_TEXT_COLOR=210.0, 0.45000002, 0.3137255
LAYOUT__BORDER_RADIUS=
LAYOUT__CONTENT_PADDING=2
LAYOUT__SHADOW_COLOR=0.0, 0.0, 0.65882355
LAYOUT__SHOW_SHADOW=
LAYOUT__TAB_HEIGHT=23
LAYOUT__TAB_ITEM_PADDING=5
LAYOUT__TAB_ITEM_SPACING=5
LAYOUT__TAB_SPACING=2
MEMENTO__LAST_CHOOSED_PRESET=
OTHERS__DRAG_FEEDBACK_COLOR=24.705881, 0.0, 0.6117647
OTHERS__USER_CSS=\#org-eclipse-jdt-ui-PackageExplorer Tree,\n\#org-eclipse-ui-navigator-ProjectExplorer Tree {\n\tfont\: Consolas;\n    font-size\: 13px;\n}
TEXT_EDITOR__UNDER_LINE_STYLE=0
WINDOW__BACKGROUND_COLOR=60.0, 0.0, 0.8980392
WINDOW__PERSPECTIVE_SWITCHER_FILL_COLOR=192.0, 0.020746887, 0.94509804, 0|60.0, 0.0, 0.8980392, 100
WINDOW__PERSPECTIVE_SWITCHER_KEY_LINE_COLOR=60.0, 0.0, 0.8980392
WINDOW__PERSPECTIVE_SWITCHER_TEXT_COLOR=210.0, 0.45000002, 0.3137255
WINDOW__STATUS_BAR_FILL_COLOR=192.0, 0.020746887, 0.94509804, 0|60.0, 0.0, 0.8980392, 100
WINDOW__STATUS_BAR_TEXT_COLOR=210.0, 0.45000002, 0.3137255
WINDOW__TOOLBAR_FILL_COLOR=192.0, 0.020746887, 0.94509804, 0|60.0, 0.0, 0.8980392, 100
eclipse.preferences.version=1
